0.017028 37
0.346756 49
0.005156 8
0.008460 100
0.000041 38
3.509938 15
0.000391 16
0.001637 35
0.249223 40
0.000376 43
0.074293 39
0.123442 38
0.000340 39
0.158183 37
0.000314 38
0.348234 26
0.251896 9
0.000029 2
0.000219 8
0.147628 48
0.000614 76
0.007205 2010
0.060675 20
0.338342 68
0.000029 51
0.000042 44
1.809676 84
0.773409 60
0.192894 61
0.144344 61
0.093968 60
0.204008 60
0.227561 60
0.188707 60
0.069316 61
0.074685 61
0.083919 61
0.133914 61
0.138746 64
0.091479 61
0.082771 61
0.124249 61
0.044140 61
0.105281 61
0.340865 64
0.406596 63
0.154628 61
0.104561 61
0.224361 314
0.220679 60
0.224618 63
0.143477 62
0.148398 60
0.084196 61
0.202550 61
0.165420 64
0.287684 63
2.068079 64
0.124786 61
0.162554 61
0.144582 61
0.063608 61
0.218006 61
0.134939 61
0.163346 64
0.109600 63
0.147467 61
0.178857 62
0.079486 61
0.148576 61
0.139682 64
0.109014 63
0.173657 61
0.049640 61
0.118594 61
0.104091 61
0.094927 61
0.093305 62
0.079344 61
0.084411 61
0.174161 61
0.105560 61
0.058127 61
0.153375 61
0.089129 61
0.113902 61
0.113778 61
0.244321 318
0.163379 315
0.543230 60
0.124826 60
0.054300 60
0.049606 60
0.110195 61
0.049393 61
0.049480 61
0.074687 61
0.128116 67
0.084209 74
0.128970 61
0.089317 61
0.154937 61
0.057982 61
0.069433 61
0.184338 61
0.109054 61
0.189505 73
0.280703 336
0.164530 315
0.764537 60
0.070891 60
0.082627 64
0.079307 63
0.096502 63
0.058299 61
0.103452 61
0.025426 61
0.218745 64
0.079530 85
0.252911 389
0.182814 67
0.595470 340
0.209336 115
0.224146 346
0.167335 540
0.241573 69
0.074142 61
0.124121 61
0.064289 61
0.103933 64
0.069505 70
0.109001 64
0.100173 78
0.079471 61
0.325478 399
0.235673 565
0.167951 520
0.172675 316
0.218992 529
0.182328 593
0.316705 69
0.142325 61
0.108900 61
0.040816 61
0.054614 64
0.153437 61
0.189389 61
0.073064 98
0.133666 61
0.172386 61
0.089466 61
0.113995 61
0.165060 61
0.089460 61
0.069162 65
0.029679 63
0.089931 61
0.050048 61
0.110368 61
0.055083 61
0.189222 61
0.145072 61
0.188033 61
0.174132 134
0.081670 94
0.196270 73
0.187765 37
0.000508 45
0.139411 67
0.107848 58
0.232506 28
0.000036 57
0.158524 13
0.138828 13
0.178479 20
0.000307 34
0.000343 70
0.012857 53
0.029029 8
0.005909 138
0.621899 15
0.000205 16
0.000407 37
0.198136 42
0.093954 41
0.000383 46
0.088697 40
0.094281 39
0.000283 40
0.153886 18
0.000290 16
0.001141 39
0.073697 44
0.053843 43
0.079254 42
0.106019 41
0.088476 40
0.140558 39
0.119674 38
0.000334 39
0.333977 18
0.000252 16
0.612653 16
0.940295 11
0.000255 8
0.548046 16
4.237937 149
0.050031 107
0.002780 106
0.143206 36
0.018543 34
0.121816 8
0.003266 138
1.624288 15
0.000140 16
0.001938 73
0.107218 78
0.743008 18
0.000201 20
0.123380 40
0.100706 20
0.547674 4
0.000224 18
0.193334 4
0.134157 4
0.078824 15
0.000323 16
0.000320 41
0.127980 46
0.178613 45
0.098695 44
0.050528 43
0.000371 52
0.054386 42
0.000339 43
0.169654 41
0.000401 42
0.116766 40
0.118840 39
0.000324 40
0.103162 38
0.000444 48
0.095350 31
0.000205 33
0.305502 2
0.000034 9
0.000329 8
0.002424 8
0.005796 138
0.388465 15
0.000093 16
0.000261 34
0.023914 39
0.218953 38
0.000246 43
0.099473 27
0.000217 35
0.232436 11
0.000210 8
0.122737 15
0.012748 8
0.004825 100
0.000029 38
3.111781 20
0.000246 8
